%YAML:1.0
---
red: 1.2443847656250000e+00
green: 1.
blue: 3.1193847656250000e+00
